user_id,black_win_rate,black_lose_rate,black_draw_rate,black_game_count
engsultan00,52.083333333333336,47.91666666666667,0.0,48.0
Panfi,40.38461538461539,55.769230769230774,3.8461538461538463,52.0
rsk86,37.5,58.333333333333336,4.166666666666666,48.0
mercanet,44.0,52.0,4.0,50.0
cool-chess-21,52.94117647058824,37.25490196078432,9.803921568627452,51.0
bhavyamarella,38.63636363636363,56.81818181818182,4.545454545454546,44.0
amirdna2000,56.86274509803921,35.294117647058826,7.84313725490196,51.0
FrankJNG,38.775510204081634,59.18367346938776,2.0408163265306123,49.0
HosSseiN1,36.84210526315789,55.26315789473685,7.894736842105263,38.0
cironine999,38.0,56.00000000000001,6.0,50.0
chessenthusiast2,56.86274509803921,43.13725490196079,0.0,51.0
derwolf21,36.734693877551024,53.06122448979592,10.20408163265306,49.0
mmchess2023,57.446808510638306,42.5531914893617,0.0,47.0
Oguzalp13,34.54545454545455,65.45454545454545,0.0,55.0
Evalena2024,44.0,52.0,4.0,50.0
DanHarner,44.0,50.0,6.0,50.0
mm576,39.62264150943396,60.37735849056604,0.0,53.0
Krabulut,49.01960784313725,49.01960784313725,1.96078431372549,51.0
the_think_machine,100.0,0.0,0.0,1.0
lionsden19,41.66666666666667,50.0,8.333333333333332,12.0
s7alamen,40.0,54.0,6.0,50.0
Marifercristobal,41.17647058823529,54.90196078431373,3.92156862745098,51.0
maz350_k1,44.0,52.0,4.0,50.0
Beemsterboa,63.46153846153846,34.61538461538461,1.9230769230769231,52.0
big-bad,54.0,38.0,8.0,50.0
Cyanideandhappiness,32.142857142857146,67.85714285714286,0.0,28.0
lvbnhbq1982,50.0,42.30769230769231,7.6923076923076925,52.0
Bobbynae,38.46153846153847,53.84615384615385,7.6923076923076925,39.0
fortaken,39.58333333333333,52.083333333333336,8.333333333333332,48.0
jonateng,39.21568627450981,58.82352941176471,1.96078431372549,51.0
schachsinnig,46.15384615384615,51.92307692307693,1.9230769230769231,52.0
BMBenito_2016_Tugue,37.25490196078432,58.82352941176471,3.92156862745098,51.0
bobsonx10,56.86274509803921,43.13725490196079,0.0,51.0
vahid1402,43.13725490196079,52.94117647058824,3.92156862745098,51.0
harrisonpeen65,44.0,46.0,10.0,50.0
BenWeb1664,52.0,46.0,2.0,50.0
VaChechnev,49.01960784313725,41.17647058823529,9.803921568627452,51.0
SirNefarious630,45.23809523809524,50.0,4.761904761904762,42.0
GramBoLubie66,34.54545454545455,49.09090909090909,16.363636363636363,55.0
tshifeler,47.91666666666667,47.91666666666667,4.166666666666666,48.0
foreverStuck,46.15384615384615,53.84615384615385,0.0,52.0
soloview,35.41666666666667,62.5,2.083333333333333,48.0
Kawabanga222,45.09803921568628,52.94117647058824,1.96078431372549,51.0
NiemannFan,46.93877551020408,44.89795918367347,8.16326530612245,49.0
Rawoul,35.84905660377358,64.15094339622641,0.0,53.0
tolezet,48.97959183673469,44.89795918367347,6.122448979591836,49.0
mangosta_1962,40.0,60.0,0.0,50.0
wdfub1,36.53846153846153,59.61538461538461,3.8461538461538463,52.0
P3rrys0n,51.02040816326531,44.89795918367347,4.081632653061225,49.0
Alexkonstbg,50.98039215686274,47.05882352941176,1.96078431372549,51.0
Sp1aw,46.15384615384615,53.84615384615385,0.0,13.0
OLEGPLAYER152,41.66666666666667,56.25,2.083333333333333,48.0
Endgamelost,50.0,50.0,0.0,2.0
timlawson,49.01960784313725,43.13725490196079,7.84313725490196,51.0
AhmedHonda1986,44.0,50.0,6.0,50.0
gittilayke,56.86274509803921,41.17647058823529,1.96078431372549,51.0
ramac-bartol,56.86274509803921,37.25490196078432,5.88235294117647,51.0
bluecow1,37.25490196078432,58.82352941176471,3.92156862745098,51.0
AvBurakhan,57.692307692307686,40.38461538461539,1.9230769230769231,52.0
dukicmond,49.01960784313725,47.05882352941176,3.92156862745098,51.0
northern_monkey,47.05882352941176,47.05882352941176,5.88235294117647,51.0
mmevlutbyr,44.0,54.0,2.0,50.0
D4boss,44.230769230769226,53.84615384615385,1.9230769230769231,52.0
cursedfg,53.333333333333336,42.22222222222222,4.444444444444445,45.0
zdarzbrum,34.0,60.0,6.0,50.0
deestar,40.38461538461539,57.692307692307686,1.9230769230769231,52.0
bachmoch90,56.25,43.75,0.0,48.0
mehmeto,40.0,60.0,0.0,50.0
dvsuhov,0.0,0.0,0.0,0.0
RoseWhite,38.775510204081634,59.18367346938776,2.0408163265306123,49.0
potamianov,40.32258064516129,53.2258064516129,6.451612903225806,62.0
mrkingtony,41.17647058823529,58.82352941176471,0.0,51.0
bullseye9,40.81632653061224,46.93877551020408,12.244897959183673,49.0
kezhik_0,50.0,42.0,8.0,50.0
albassem4,51.02040816326531,48.97959183673469,0.0,49.0
Sky0010,44.89795918367347,53.06122448979592,2.0408163265306123,49.0
bobby-vishy,57.446808510638306,42.5531914893617,0.0,47.0
PlayaONE,42.0,56.00000000000001,2.0,50.0
leongambit,48.97959183673469,48.97959183673469,2.0408163265306123,49.0
loup76,44.0,52.0,4.0,50.0
jonny0507,49.056603773584904,43.39622641509434,7.547169811320755,53.0
Frantz27,50.0,40.74074074074074,9.25925925925926,54.0
Saganash13,55.10204081632652,42.857142857142854,2.0408163265306123,49.0
Oida1,47.91666666666667,45.83333333333333,6.25,48.0
Yazish,55.10204081632652,38.775510204081634,6.122448979591836,49.0
Naddyuza,40.38461538461539,55.769230769230774,3.8461538461538463,52.0
IplayforDRAW,51.85185185185185,46.2962962962963,1.8518518518518516,54.0
sandraekaputra,50.0,48.0,2.0,50.0
ImaRandomBot,26.41509433962264,64.15094339622641,9.433962264150944,53.0
PorroRey,54.90196078431373,45.09803921568628,0.0,51.0
killagame72,53.333333333333336,44.44444444444444,2.2222222222222223,45.0
GROss044,32.0,66.0,2.0,50.0
RGratsch,43.13725490196079,56.86274509803921,0.0,51.0
irswamy,40.81632653061224,59.18367346938776,0.0,49.0
bernao,52.94117647058824,45.09803921568628,1.96078431372549,51.0
Piter-RR,41.66666666666667,56.25,2.083333333333333,48.0
ssekoss,56.00000000000001,42.0,2.0,50.0
CARMONAA,37.735849056603776,58.490566037735846,3.7735849056603774,53.0
usta9010,48.97959183673469,42.857142857142854,8.16326530612245,49.0
Muhammadqodir2,0.0,0.0,0.0,0.0
davidisraelhay,32.6530612244898,65.3061224489796,2.0408163265306123,49.0
werdnaz,52.94117647058824,39.21568627450981,7.84313725490196,51.0
yar13,41.30434782608695,58.69565217391305,0.0,46.0
Mahanand,44.0,50.0,6.0,50.0
furi_za,63.888888888888886,30.555555555555557,5.555555555555555,36.0
Litelants,43.13725490196079,50.98039215686274,5.88235294117647,51.0
Menierva916,42.857142857142854,55.10204081632652,2.0408163265306123,49.0
mimar_harsen,42.5,52.5,5.0,40.0
Mohammad_m3d,50.0,48.0,2.0,50.0
seyed1349zia,57.99999999999999,36.0,6.0,50.0
Shikabella,42.0,54.0,4.0,50.0
bukidron,34.61538461538461,63.46153846153846,1.9230769230769231,52.0
Tymanov_V,39.62264150943396,54.71698113207547,5.660377358490567,53.0
warsawplayer,60.0,36.0,4.0,50.0
insane_ke,43.75,50.0,6.25,48.0
Strength5gorsk,51.02040816326531,46.93877551020408,2.0408163265306123,49.0
Walkere,42.857142857142854,46.93877551020408,10.20408163265306,49.0
Devdutt_three,26.53061224489796,63.26530612244898,10.20408163265306,49.0
CruaWarrior,69.23076923076923,26.923076923076923,3.8461538461538463,52.0
fezfez_05,42.857142857142854,48.97959183673469,8.16326530612245,49.0
antibiotik1985,51.92307692307693,46.15384615384615,1.9230769230769231,52.0
kulik7,53.48837209302325,39.53488372093023,6.976744186046512,43.0
YUBAMACO,50.0,41.66666666666667,8.333333333333332,12.0
MaxLag,38.775510204081634,59.18367346938776,2.0408163265306123,49.0
bruno1m2m3,49.01960784313725,49.01960784313725,1.96078431372549,51.0
shujau,42.30769230769231,53.84615384615385,3.8461538461538463,52.0
GlobalChessArena,43.13725490196079,52.94117647058824,3.92156862745098,51.0
BodyMindSoul,53.84615384615385,46.15384615384615,0.0,52.0
MR_HBashoq,27.27272727272727,63.63636363636363,9.090909090909092,11.0
teperto,48.07692307692308,48.07692307692308,3.8461538461538463,52.0
Andriy60,41.17647058823529,58.82352941176471,0.0,51.0
warelds2,45.28301886792453,52.83018867924528,1.8867924528301887,53.0
amirshahal,41.66666666666667,56.25,2.083333333333333,48.0
akrmakrm,44.0,54.0,2.0,50.0
jsedano,43.39622641509434,52.83018867924528,3.7735849056603774,53.0
maciberia,0.0,0.0,0.0,0.0
Uganey26rus,52.0,48.0,0.0,50.0
Mi0091,52.0,44.0,4.0,50.0
pejciczrn,59.61538461538461,40.38461538461539,0.0,52.0
pooyapli1,37.25490196078432,60.78431372549019,1.96078431372549,51.0
DGBerana,50.0,30.0,20.0,10.0
Gatto03,54.0,42.0,4.0,50.0
foolsandhorses,49.01960784313725,43.13725490196079,7.84313725490196,51.0
BillOudi,50.0,48.07692307692308,1.9230769230769231,52.0
tm2383,30.0,60.0,10.0,10.0
Vadim1107,0.0,100.0,0.0,2.0
BismarckWP,48.97959183673469,48.97959183673469,2.0408163265306123,49.0
Maks633010,50.98039215686274,43.13725490196079,5.88235294117647,51.0
David_P0,44.44444444444444,50.0,5.555555555555555,54.0
r_117,11.76470588235294,76.47058823529412,11.76470588235294,17.0
Checho19,47.91666666666667,50.0,2.083333333333333,48.0
Brass67,57.14285714285714,30.612244897959183,12.244897959183673,49.0
Vaibhav_Dang,31.37254901960784,64.70588235294117,3.92156862745098,51.0
Eden-Hasard,46.15384615384615,46.15384615384615,7.6923076923076925,52.0
bmbarto,51.06382978723404,46.808510638297875,2.127659574468085,47.0
MrChuckL,41.30434782608695,54.34782608695651,4.3478260869565215,46.0
burnedlight,44.89795918367347,53.06122448979592,2.0408163265306123,49.0
potrerillos94,61.702127659574465,31.91489361702128,6.382978723404255,47.0
AMRJ9,42.5531914893617,53.191489361702125,4.25531914893617,47.0
blueskychess22,62.0,30.0,8.0,50.0
hosseinhatami7595,40.0,55.00000000000001,5.0,40.0
misos_35,41.66666666666667,56.25,2.083333333333333,48.0
abasad1,42.0,56.00000000000001,2.0,50.0
buttbreff,48.93617021276596,46.808510638297875,4.25531914893617,47.0
OgSnkrbbb,52.83018867924528,45.28301886792453,1.8867924528301887,53.0
smailllll,50.98039215686274,43.13725490196079,5.88235294117647,51.0
fesed18,53.84615384615385,44.230769230769226,1.9230769230769231,52.0
respublicano,50.0,47.91666666666667,2.083333333333333,48.0
phuocvip1412,42.30769230769231,55.769230769230774,1.9230769230769231,52.0
phebololuna,48.0,52.0,0.0,50.0
estebanovitch,40.81632653061224,55.10204081632652,4.081632653061225,49.0
DJ4Y,54.166666666666664,43.75,2.083333333333333,48.0
mirza_amaan,42.857142857142854,55.10204081632652,2.0408163265306123,49.0
estrellita05,40.0,40.0,20.0,5.0
woody86,56.00000000000001,42.0,2.0,50.0
klauspn,46.0,52.0,2.0,50.0
MISTY_96,32.0,62.0,6.0,50.0
suchetkodate,45.09803921568628,52.94117647058824,1.96078431372549,51.0
DKS256,48.0,46.0,6.0,50.0
Anirudh99545,38.46153846153847,55.769230769230774,5.769230769230769,52.0
DmitriyKol,37.735849056603776,56.60377358490566,5.660377358490567,53.0
amirvalizade1963,47.05882352941176,50.98039215686274,1.96078431372549,51.0
George_mav6704,40.0,60.0,0.0,5.0
Sangon,45.09803921568628,45.09803921568628,9.803921568627452,51.0
dnlgrassi,42.0,54.0,4.0,50.0
abdelmoezbasha,45.09803921568628,50.98039215686274,3.92156862745098,51.0
santhoshn,46.0,44.0,10.0,50.0
hitam99,36.734693877551024,57.14285714285714,6.122448979591836,49.0
Solar-Wind86,51.11111111111111,35.55555555555556,13.333333333333334,45.0
cherguimd,50.0,48.0,2.0,50.0
RagnarokLothbrok,0.0,0.0,0.0,0.0
Johnston3,46.93877551020408,53.06122448979592,0.0,49.0
Natwyk,32.6530612244898,65.3061224489796,2.0408163265306123,49.0
GOATxOVERPOWERYT9577,0.0,100.0,0.0,1.0
chemsedinebouakazi,45.09803921568628,47.05882352941176,7.84313725490196,51.0
Vladimir123kr,35.84905660377358,60.37735849056604,3.7735849056603774,53.0
Freshzombee,60.0,38.0,2.0,50.0
Blazkowi23,22.916666666666664,72.91666666666666,4.166666666666666,48.0
Zerspragler91,51.02040816326531,44.89795918367347,4.081632653061225,49.0
DCristiD,68.62745098039215,25.49019607843137,5.88235294117647,51.0
risali_123,49.09090909090909,49.09090909090909,1.818181818181818,55.0
javadmj21,60.0,38.0,2.0,50.0
rdursun,52.94117647058824,45.09803921568628,1.96078431372549,51.0
Dilip_noob,45.09803921568628,50.98039215686274,3.92156862745098,51.0
CosimoZeno,50.98039215686274,43.13725490196079,5.88235294117647,51.0
chessbyine,50.0,50.0,0.0,50.0
fugga,44.0,50.0,6.0,50.0
urizarulises1,0.0,100.0,0.0,1.0
MihoSevastopol,53.06122448979592,38.775510204081634,8.16326530612245,49.0
rumpeldipumpi,55.10204081632652,42.857142857142854,2.0408163265306123,49.0
ahaiazor4,0.0,0.0,0.0,0.0
ASsmaditya,60.0,40.0,0.0,5.0
Andry174,47.91666666666667,47.91666666666667,4.166666666666666,48.0
avetgrigor,57.14285714285714,38.775510204081634,4.081632653061225,49.0
AngeZ021,59.18367346938776,36.734693877551024,4.081632653061225,49.0
Boccherss,0.0,0.0,0.0,0.0
perry444,41.17647058823529,58.82352941176471,0.0,51.0
hanzohattoriii,35.41666666666667,60.416666666666664,4.166666666666666,48.0
euroval,56.00000000000001,38.0,6.0,50.0
hm468070,51.02040816326531,44.89795918367347,4.081632653061225,49.0
yabbaman7493,0.0,100.0,0.0,2.0
csprejer,27.083333333333332,68.75,4.166666666666666,48.0
Chess-In-Motion,23.076923076923077,75.0,1.9230769230769231,52.0
pilavustuet,45.45454545454545,49.09090909090909,5.454545454545454,55.0
r-v5g,48.0,50.0,2.0,50.0
makyxaaa,45.09803921568628,50.98039215686274,3.92156862745098,51.0
Vadilka,42.0,57.99999999999999,0.0,50.0
nileshmithiya,42.857142857142854,57.14285714285714,0.0,42.0
waits05,40.81632653061224,57.14285714285714,2.0408163265306123,49.0
FKom58,42.0,54.0,4.0,50.0
Akam_1235,40.81632653061224,55.10204081632652,4.081632653061225,49.0
cardere,54.166666666666664,41.66666666666667,4.166666666666666,48.0
maujoma,51.92307692307693,44.230769230769226,3.8461538461538463,52.0
timorlov,44.0,56.00000000000001,0.0,50.0
Mhlobo,37.5,60.416666666666664,2.083333333333333,48.0
pavel77m,52.94117647058824,47.05882352941176,0.0,51.0
mertmex,43.13725490196079,47.05882352941176,9.803921568627452,51.0
SaptakPanda,43.75,43.75,12.5,16.0
bhawthor,40.35087719298245,52.63157894736842,7.017543859649122,57.0
suesswarenlieferant,37.735849056603776,60.37735849056604,1.8867924528301887,53.0
BotayRinat,50.943396226415096,39.62264150943396,9.433962264150944,53.0
arnoldAK,58.333333333333336,39.58333333333333,2.083333333333333,48.0
Fayis1982,32.608695652173914,56.52173913043478,10.869565217391305,46.0
Bellator_truimph,25.0,62.5,12.5,8.0
Ecuador_Carloz,56.00000000000001,38.0,6.0,50.0
BauruMarcelo,38.095238095238095,52.38095238095239,9.523809523809524,42.0
Narengi14,44.230769230769226,51.92307692307693,3.8461538461538463,52.0
ka9807,44.0,50.0,6.0,50.0
Dunkin_Kwim,46.0,52.0,2.0,50.0
Cali-Dragon,44.0,52.0,4.0,50.0
Dabro4ess,,,,
magal100,38.0,62.0,0.0,50.0
filip_j,40.81632653061224,59.18367346938776,0.0,49.0
filkinagramota,42.0,57.99999999999999,0.0,50.0
I_adore_Anna_Korsun,30.76923076923077,69.23076923076923,0.0,13.0
Zeno1993,37.25490196078432,62.74509803921568,0.0,51.0
saifanov20,27.450980392156865,68.62745098039215,3.92156862745098,51.0
Toni_Mackaroni,50.84745762711864,44.06779661016949,5.084745762711865,59.0
sreedhar747,37.03703703703704,51.85185185185185,11.11111111111111,27.0
nutsu7m,40.0,57.99999999999999,2.0,50.0
SlimyTaco,50.0,40.0,10.0,50.0
CampPe,28.846153846153843,67.3076923076923,3.8461538461538463,52.0
AndrSid,37.735849056603776,54.71698113207547,7.547169811320755,53.0
engelmar,50.0,44.0,6.0,50.0
pmv_70,45.83333333333333,52.083333333333336,2.083333333333333,48.0
DumbArmin,52.77777777777778,44.44444444444444,2.7777777777777777,36.0
Hardy09,57.14285714285714,42.857142857142854,0.0,49.0
lacroqueta_peligrosa,52.0,42.0,6.0,50.0
handada,55.319148936170215,31.91489361702128,12.76595744680851,47.0
JasonMR_10,56.00000000000001,34.0,10.0,50.0
Maharahdja,42.857142857142854,53.06122448979592,4.081632653061225,49.0
miykl58,50.0,46.0,4.0,50.0
haleo,48.93617021276596,48.93617021276596,2.127659574468085,47.0
nezevrov11,39.53488372093023,58.139534883720934,2.3255813953488373,43.0
ms_crc,42.0,54.0,4.0,50.0
legeniechampion,51.92307692307693,38.46153846153847,9.615384615384617,52.0
just4fun_xxx,34.61538461538461,53.84615384615385,11.538461538461538,52.0
Albert_Zabudov,60.0,20.0,20.0,5.0
Mekambe2137,53.70370370370371,40.74074074074074,5.555555555555555,54.0
Marat333,0.0,0.0,0.0,0.0
otis32,50.0,48.0,2.0,50.0
canelita_2024,0.0,100.0,0.0,1.0
Bonsai_007,46.15384615384615,48.07692307692308,5.769230769230769,52.0
EnGassant,44.89795918367347,51.02040816326531,4.081632653061225,49.0
mrmangotango,46.0,50.0,4.0,50.0
metallicr,56.00000000000001,44.0,0.0,50.0
nqiniso,51.02040816326531,40.81632653061224,8.16326530612245,49.0
Stathis_Branikas,36.36363636363637,63.63636363636363,0.0,22.0
C2ma,50.0,48.0,2.0,50.0
eliseus_1603,48.148148148148145,51.85185185185185,0.0,54.0
mahlangumhlongo,38.775510204081634,53.06122448979592,8.16326530612245,49.0
Ninja1500,34.69387755102041,61.224489795918366,4.081632653061225,49.0
mohamedssakr,46.93877551020408,46.93877551020408,6.122448979591836,49.0
manu-gt,33.9622641509434,60.37735849056604,5.660377358490567,53.0
notahuman_0601,0.0,0.0,0.0,0.0
karthik_holla,47.82608695652174,45.65217391304348,6.521739130434782,46.0
AxlRo,34.04255319148936,61.702127659574465,4.25531914893617,47.0
Tamesh,50.0,47.82608695652174,2.1739130434782608,46.0
minasfox,45.83333333333333,52.083333333333336,2.083333333333333,48.0
eren_kls07,52.94117647058824,47.05882352941176,0.0,51.0
HOLLOWBELL,53.06122448979592,42.857142857142854,4.081632653061225,49.0
P5489151287877327827,51.02040816326531,40.81632653061224,8.16326530612245,49.0
kobuniko,47.91666666666667,47.91666666666667,4.166666666666666,48.0
tukijj,55.769230769230774,38.46153846153847,5.769230769230769,52.0
appAlexander,41.509433962264154,54.71698113207547,3.7735849056603774,53.0
AngreifervolleKanone,40.38461538461539,55.769230769230774,3.8461538461538463,52.0
ezln88,38.775510204081634,53.06122448979592,8.16326530612245,49.0
kidh,44.0,54.0,2.0,50.0
marvel1,48.0,48.0,4.0,50.0
PADAYANI21,75.0,16.666666666666664,8.333333333333332,12.0
Andrea_F54,46.15384615384615,48.07692307692308,5.769230769230769,52.0
valbuev,51.85185185185185,48.148148148148145,0.0,54.0
rrgarcia93,56.00000000000001,40.0,4.0,50.0
hazemfazzzaa85,45.45454545454545,51.51515151515152,3.0303030303030303,33.0
Amablenegrelle,54.0,44.0,2.0,50.0
blasALANGUIA_ESIC,45.83333333333333,43.75,10.416666666666668,48.0
davidhummel,52.94117647058824,45.09803921568628,1.96078431372549,51.0
ghobad141414,41.17647058823529,52.94117647058824,5.88235294117647,51.0
chapman_green,36.53846153846153,59.61538461538461,3.8461538461538463,52.0
Nofacekillah,50.0,47.82608695652174,2.1739130434782608,46.0
Twothree,53.70370370370371,46.2962962962963,0.0,54.0
arbuziiik,46.666666666666664,40.0,13.333333333333334,15.0
Elias_23_23,52.0,46.0,2.0,50.0
raffyagarcia,47.05882352941176,50.98039215686274,1.96078431372549,51.0
A_H_ABD,55.769230769230774,44.230769230769226,0.0,52.0
vsemstroi,0.0,0.0,0.0,0.0
menghini202,46.2962962962963,53.70370370370371,0.0,54.0
Endgame2780,100.0,0.0,0.0,2.0
DonJevo,39.21568627450981,54.90196078431373,5.88235294117647,51.0
learn98r96,44.230769230769226,40.38461538461539,15.384615384615383,52.0
Dharsan221,46.0,46.0,8.0,50.0
Montalvo3,55.769230769230774,40.38461538461539,3.8461538461538463,52.0
All_NiGnT,45.45454545454545,54.54545454545454,0.0,22.0
Termee,43.13725490196079,56.86274509803921,0.0,51.0
wearegenoa,52.63157894736842,45.614035087719294,1.7543859649122806,57.0
Poomlyglot,52.083333333333336,37.5,10.416666666666668,48.0
htywx_gnjl,46.93877551020408,51.02040816326531,2.0408163265306123,49.0
jerebox262,40.0,56.00000000000001,4.0,50.0
adzi_12,36.53846153846153,59.61538461538461,3.8461538461538463,52.0
Smelikk,47.91666666666667,45.83333333333333,6.25,48.0
ismailalsudani,34.69387755102041,61.224489795918366,4.081632653061225,49.0
iranshahi,36.0,60.0,4.0,50.0
mutohard,59.18367346938776,40.81632653061224,0.0,49.0
Peterdelk,44.230769230769226,51.92307692307693,3.8461538461538463,52.0
MrAdarsh,44.230769230769226,50.0,5.769230769230769,52.0
paxtonmidget,36.53846153846153,59.61538461538461,3.8461538461538463,52.0
elque-aprende,57.446808510638306,36.17021276595745,6.382978723404255,47.0
xenieray,44.0,52.0,4.0,50.0
Average505,61.224489795918366,38.775510204081634,0.0,49.0
yas1376,51.02040816326531,40.81632653061224,8.16326530612245,49.0
g_peron,44.0,52.0,4.0,50.0
ImprovisedOpening,25.0,75.0,0.0,8.0
lemonsgambit,42.857142857142854,54.761904761904766,2.380952380952381,42.0
Sherif_yassin,45.09803921568628,54.90196078431373,0.0,51.0
manuP73,40.0,54.0,6.0,50.0
khaled_boudina,38.775510204081634,57.14285714285714,4.081632653061225,49.0
sunyatameng,51.92307692307693,42.30769230769231,5.769230769230769,52.0
kayaloram,52.0,44.0,4.0,50.0
Pavel_Ch,42.857142857142854,53.06122448979592,4.081632653061225,49.0
Christos56,42.857142857142854,48.97959183673469,8.16326530612245,49.0
Shikhar_Dhangar,34.69387755102041,55.10204081632652,10.20408163265306,49.0
Rgloreto,48.97959183673469,46.93877551020408,4.081632653061225,49.0
jechumizx,55.10204081632652,44.89795918367347,0.0,49.0
Albert_Einstein_12,55.769230769230774,32.69230769230769,11.538461538461538,52.0
hammer_of_destiny,44.0,54.0,2.0,50.0
popfhv,50.0,50.0,0.0,2.0
YOURSISTERBOYFRIEND,44.0,48.0,8.0,50.0
KawaiBullet,56.25,41.66666666666667,2.083333333333333,48.0
Grandayo,64.58333333333334,33.33333333333333,2.083333333333333,48.0
papabadboy,44.89795918367347,51.02040816326531,4.081632653061225,49.0
podiumthief,52.77777777777778,44.44444444444444,2.7777777777777777,36.0
BryanBedoyaArrubla08,37.5,62.5,0.0,8.0
Wolfi71,42.0,54.0,4.0,50.0
Maxp1974,34.61538461538461,59.61538461538461,5.769230769230769,52.0
Maxim_lu,60.37735849056604,37.735849056603776,1.8867924528301887,53.0
jaychole,46.93877551020408,48.97959183673469,4.081632653061225,49.0
bermudaox,53.191489361702125,36.17021276595745,10.638297872340424,47.0
zeitGuy,49.01960784313725,47.05882352941176,3.92156862745098,51.0
A7968801,36.0,62.0,2.0,50.0
Aleksandr_1957,41.17647058823529,54.90196078431373,3.92156862745098,51.0
obraad,45.28301886792453,52.83018867924528,1.8867924528301887,53.0
OriaMike,42.5531914893617,55.319148936170215,2.127659574468085,47.0
Abchife,36.734693877551024,55.10204081632652,8.16326530612245,49.0
hoslo,48.0,52.0,0.0,50.0
arazhuseynov,48.0,50.0,2.0,50.0
vietan0,45.09803921568628,52.94117647058824,1.96078431372549,51.0
BlackJaguar0,34.61538461538461,61.53846153846154,3.8461538461538463,26.0
Sonnenscheinender,33.33333333333333,62.96296296296296,3.7037037037037033,54.0
radu25,51.92307692307693,46.15384615384615,1.9230769230769231,52.0
Impu1se1,36.36363636363637,60.60606060606061,3.0303030303030303,33.0
AmeerIsmael_Lazo,43.39622641509434,54.71698113207547,1.8867924528301887,53.0
Raehgalchess,65.85365853658537,29.268292682926827,4.878048780487805,41.0
Granny-Bmmy123,60.0,40.0,0.0,50.0
KnightChrks,40.0,60.0,0.0,45.0
othmanaloide2,0.0,0.0,0.0,0.0
UyV,57.99999999999999,38.0,4.0,50.0
Franek369,40.38461538461539,51.92307692307693,7.6923076923076925,52.0
Dimaslon-13,36.0,62.0,2.0,50.0
sky-destiny,53.06122448979592,36.734693877551024,10.20408163265306,49.0
Luca363636,47.91666666666667,47.91666666666667,4.166666666666666,48.0
tenine,52.94117647058824,45.09803921568628,1.96078431372549,51.0
maxb1959,30.612244897959183,69.38775510204081,0.0,49.0
Zukulus,53.06122448979592,44.89795918367347,2.0408163265306123,49.0
SamBott67,41.66666666666667,54.166666666666664,4.166666666666666,48.0
RealMortreD,57.89473684210527,36.84210526315789,5.263157894736842,19.0
Zatluanga,44.89795918367347,51.02040816326531,4.081632653061225,49.0
HorstReicht,31.25,64.58333333333334,4.166666666666666,48.0
RemyGonzales12,32.0,68.0,0.0,25.0
DarkPatate,51.61290322580645,45.16129032258064,3.225806451612903,31.0
Jakeh18,41.17647058823529,54.90196078431373,3.92156862745098,51.0
IgorRogozin,50.98039215686274,39.21568627450981,9.803921568627452,51.0
hossein_qanbari,43.75,56.25,0.0,48.0
liufi,47.82608695652174,39.130434782608695,13.043478260869565,46.0
Wonderboof,32.0,57.99999999999999,10.0,50.0
Tsudago,33.33333333333333,64.70588235294117,1.96078431372549,51.0
makiavelli2011,57.14285714285714,40.81632653061224,2.0408163265306123,49.0
doctorjpizzle,48.0,48.0,4.0,50.0
lukas_schmoigl,48.0,50.0,2.0,50.0
tchegalo,48.97959183673469,46.93877551020408,4.081632653061225,49.0
olivertwisted,55.55555555555556,40.74074074074074,3.7037037037037033,54.0
kevin_vr13,66.66666666666666,33.33333333333333,0.0,6.0
JaqueMother,46.0,52.0,2.0,50.0
amirh12,50.0,46.0,4.0,50.0
A32miller,44.0,56.00000000000001,0.0,50.0
chesskiller_23,43.13725490196079,54.90196078431373,1.96078431372549,51.0
Svileni49,55.10204081632652,42.857142857142854,2.0408163265306123,49.0
ufftauba,52.0,48.0,0.0,50.0
ryzman17,47.05882352941176,52.94117647058824,0.0,51.0
Zamasu_14,40.81632653061224,53.06122448979592,6.122448979591836,49.0
isac_J,60.0,40.0,0.0,5.0
leonel_de_freitas9,0.0,100.0,0.0,3.0
CesarS96,48.0,52.0,0.0,50.0
corle007,38.775510204081634,61.224489795918366,0.0,49.0
dfczcv,42.5531914893617,57.446808510638306,0.0,47.0
StefanoApi,0.0,0.0,0.0,0.0
DaviOliv3ra,57.57575757575758,39.39393939393939,3.0303030303030303,33.0
Gabrielorjikalu,44.89795918367347,55.10204081632652,0.0,49.0
Aizac336,40.81632653061224,55.10204081632652,4.081632653061225,49.0
Fedwhisk,37.5,56.25,6.25,48.0
Mataberk,37.25490196078432,56.86274509803921,5.88235294117647,51.0
Bhuvikaarora,39.21568627450981,56.86274509803921,3.92156862745098,51.0
johnd_gomez,55.10204081632652,42.857142857142854,2.0408163265306123,49.0
Darmol_XXX,0.0,0.0,0.0,0.0
Logiciels3655,34.883720930232556,60.46511627906976,4.651162790697675,43.0
happyrajesh,41.66666666666667,56.25,2.083333333333333,48.0
Noonlight,35.294117647058826,62.74509803921568,1.96078431372549,51.0
vitek_fft,50.0,44.0,6.0,50.0
woleit,43.39622641509434,49.056603773584904,7.547169811320755,53.0
Monarca_Chess,52.94117647058824,41.17647058823529,5.88235294117647,51.0
MusicalHumorouspawn,40.42553191489361,55.319148936170215,4.25531914893617,47.0
tryingSomeMoves,41.17647058823529,54.90196078431373,3.92156862745098,51.0
HydroOwl,49.01960784313725,49.01960784313725,1.96078431372549,51.0
KingRichd_3rd,36.0,52.0,12.0,50.0
outra_pessoa,34.0,60.0,6.0,50.0
DonquixoteRobin,0.0,75.0,25.0,4.0
tilin-insano,73.33333333333333,26.666666666666668,0.0,15.0
ChessGuess,57.14285714285714,38.775510204081634,4.081632653061225,49.0
Anskil490,43.13725490196079,50.98039215686274,5.88235294117647,51.0
Smokin555,33.33333333333333,64.70588235294117,1.96078431372549,51.0
Ajith330,50.0,46.0,4.0,50.0
PNBRQKA,0.0,0.0,0.0,0.0
Freezenwill,42.30769230769231,53.84615384615385,3.8461538461538463,26.0
Fruehlingsschwalbe,21.73913043478261,69.56521739130434,8.695652173913043,23.0
cat_luna,48.93617021276596,46.808510638297875,4.25531914893617,47.0
Omarkobe,40.38461538461539,55.769230769230774,3.8461538461538463,52.0
Syadin,43.39622641509434,54.71698113207547,1.8867924528301887,53.0
Ving2009,39.6551724137931,56.896551724137936,3.4482758620689653,58.0
M-Dimash,37.5,58.333333333333336,4.166666666666666,48.0
onkamatkar,60.78431372549019,35.294117647058826,3.92156862745098,51.0
saraj71,41.17647058823529,49.01960784313725,9.803921568627452,51.0
WannaCry2017,44.89795918367347,55.10204081632652,0.0,49.0
Monoco,40.81632653061224,53.06122448979592,6.122448979591836,49.0
lireuille7,37.735849056603776,58.490566037735846,3.7735849056603774,53.0
Katonasz,48.97959183673469,40.81632653061224,10.20408163265306,49.0
MartiN_phl,51.92307692307693,48.07692307692308,0.0,52.0
iro007,53.06122448979592,44.89795918367347,2.0408163265306123,49.0
Slob112,50.943396226415096,45.28301886792453,3.7735849056603774,53.0
Ironslayerdead,46.15384615384615,51.92307692307693,1.9230769230769231,52.0
Uhang_kincai,45.09803921568628,50.98039215686274,3.92156862745098,51.0
Dmytro-1,48.93617021276596,48.93617021276596,2.127659574468085,47.0
jonadav1995,38.0,57.99999999999999,4.0,50.0
JMStr8,46.93877551020408,46.93877551020408,6.122448979591836,49.0
ALebedevGuitar,39.58333333333333,56.25,4.166666666666666,48.0
Justdefense,46.15384615384615,46.15384615384615,7.6923076923076925,39.0
il_76-il,31.37254901960784,68.62745098039215,0.0,51.0
SenuASK,56.60377358490566,41.509433962264154,1.8867924528301887,53.0
vinodkedaram,42.0,52.0,6.0,50.0
ABC99999999,54.54545454545454,38.63636363636363,6.8181818181818175,44.0
ramin_cihangir,0.0,100.0,0.0,1.0
vistanutzer,0.0,0.0,0.0,0.0
ethanlebg,53.191489361702125,42.5531914893617,4.25531914893617,47.0
Icoorus,45.28301886792453,50.943396226415096,3.7735849056603774,53.0
amrghobara,51.85185185185185,38.88888888888889,9.25925925925926,54.0
Tasiman,47.16981132075472,49.056603773584904,3.7735849056603774,53.0
jasurc443,48.0,50.0,2.0,50.0
odunkutk1,50.0,50.0,0.0,50.0
RoboGay,48.97959183673469,42.857142857142854,8.16326530612245,49.0
ManVanMelle,51.85185185185185,38.88888888888889,9.25925925925926,54.0
AT007338,10.638297872340424,82.97872340425532,6.382978723404255,47.0
Abhilash001,42.0,52.0,6.0,50.0
SteamPwrdAereoPawns,61.53846153846154,38.46153846153847,0.0,13.0
RAA74,44.0,56.00000000000001,0.0,50.0
MIKAELW,50.0,41.66666666666667,8.333333333333332,12.0
IRMANDADE,65.3061224489796,34.69387755102041,0.0,49.0
ObivanKenoby,54.90196078431373,45.09803921568628,0.0,51.0
progyprog,41.66666666666667,54.166666666666664,4.166666666666666,48.0
stalinic,41.17647058823529,54.90196078431373,3.92156862745098,51.0
Caro-KannMindControl,58.333333333333336,41.66666666666667,0.0,12.0
RRLLMM,37.735849056603776,58.490566037735846,3.7735849056603774,53.0
Capitano181,42.30769230769231,51.92307692307693,5.769230769230769,52.0
MarceloBielsa33,40.0,54.0,6.0,50.0
rghrck,51.02040816326531,48.97959183673469,0.0,49.0
Bruncvik,53.84615384615385,42.30769230769231,3.8461538461538463,52.0
Soham_Kulthe,19.607843137254903,74.50980392156863,5.88235294117647,51.0
pitagorin7,46.15384615384615,48.07692307692308,5.769230769230769,52.0
simone_rgm,45.09803921568628,50.98039215686274,3.92156862745098,51.0
HighVariance,51.02040816326531,44.89795918367347,4.081632653061225,49.0
AKS008,38.0,54.0,8.0,50.0
Vlasov_Alekxandr,53.06122448979592,42.857142857142854,4.081632653061225,49.0
viktor39,46.93877551020408,44.89795918367347,8.16326530612245,49.0
at-oturtma,39.285714285714285,53.57142857142857,7.142857142857142,56.0
HeKrOmAnT,47.05882352941176,45.09803921568628,7.84313725490196,51.0
pbkttc,60.416666666666664,25.0,14.583333333333334,48.0
aditivasudeva,36.734693877551024,53.06122448979592,10.20408163265306,49.0
PatushanXD,0.0,100.0,0.0,5.0
Blabub,45.28301886792453,49.056603773584904,5.660377358490567,53.0
Aisyahku,,,,
heisenberg_59,47.05882352941176,50.98039215686274,1.96078431372549,51.0
HaRrisoN_WellS_0,77.77777777777779,22.22222222222222,0.0,9.0
rs61,52.0,46.0,2.0,50.0
saharshamity,46.0,52.0,2.0,50.0
Ali_Ardabili,32.0,62.0,6.0,50.0
vishnu879,50.0,46.0,4.0,50.0
koala122,32.0,66.0,2.0,50.0
o7777,42.857142857142854,48.97959183673469,8.16326530612245,49.0
BARBAROSALover,34.69387755102041,61.224489795918366,4.081632653061225,49.0
soner_iu,75.67567567567568,13.513513513513514,10.81081081081081,37.0
Wladi-71,39.130434782608695,60.86956521739131,0.0,46.0
ian_j,40.0,52.0,8.0,50.0
czapus,40.0,54.0,6.0,50.0
Karavaev74,25.0,75.0,0.0,4.0
NAEEM600,56.25,39.58333333333333,4.166666666666666,48.0
EykaScada,44.230769230769226,53.84615384615385,1.9230769230769231,52.0
chhota_bachha,56.25,41.66666666666667,2.083333333333333,48.0
awdangit,39.21568627450981,56.86274509803921,3.92156862745098,51.0
ekn_ylcn,46.93877551020408,53.06122448979592,0.0,49.0
Los5hermanos,56.25,43.75,0.0,48.0
fox080,48.0,44.0,8.0,50.0
DARCUAMIM,42.30769230769231,53.84615384615385,3.8461538461538463,52.0
SMi_1970,40.81632653061224,46.93877551020408,12.244897959183673,49.0
biokompott,47.05882352941176,43.13725490196079,9.803921568627452,51.0
wirsch,50.98039215686274,47.05882352941176,1.96078431372549,51.0
Jesscalimag,54.90196078431373,41.17647058823529,3.92156862745098,51.0
GCarbajal,7.6923076923076925,84.61538461538461,7.6923076923076925,13.0
Frizzelhautern,39.21568627450981,56.86274509803921,3.92156862745098,51.0
davidjguillermo,37.5,56.25,6.25,48.0
MemoRmz,60.0,34.0,6.0,50.0
kabulos,42.857142857142854,42.857142857142854,14.285714285714285,7.0
dylane33,46.15384615384615,48.07692307692308,5.769230769230769,52.0
Aristotele73,25.0,75.0,0.0,4.0
polish_fighter,24.444444444444443,68.88888888888889,6.666666666666667,45.0
KasarLooper,45.09803921568628,54.90196078431373,0.0,51.0
jil1965,50.0,46.0,4.0,50.0
levchikbullet,100.0,0.0,0.0,1.0
Forestxxx,44.89795918367347,48.97959183673469,6.122448979591836,49.0
YankeeDodson,54.0,38.0,8.0,50.0
Bala79,0.0,100.0,0.0,1.0
Moraya,46.0,50.0,4.0,50.0
SoheiliM,44.230769230769226,50.0,5.769230769230769,52.0
demarcuscousins,46.42857142857143,42.857142857142854,10.714285714285714,56.0
G_krishnan,49.01960784313725,47.05882352941176,3.92156862745098,51.0
greennight,47.27272727272727,29.09090909090909,23.636363636363637,55.0
sereppy,38.0,57.99999999999999,4.0,50.0
AndyBoehme,46.0,44.0,10.0,50.0
Leopold12345,36.53846153846153,61.53846153846154,1.9230769230769231,52.0
Teddy-Teclebrhan,51.02040816326531,34.69387755102041,14.285714285714285,49.0
qqwref,43.13725490196079,56.86274509803921,0.0,51.0
Ishmael_in_Chess,25.0,62.5,12.5,8.0
kahvitauko,32.0,54.0,14.000000000000002,50.0
hot_dog_beast,38.775510204081634,55.10204081632652,6.122448979591836,49.0
Mimma,40.81632653061224,44.89795918367347,14.285714285714285,49.0
BanaleKralen,41.17647058823529,56.86274509803921,1.96078431372549,51.0
Mohamed_AL_Shaqiri,39.58333333333333,56.25,4.166666666666666,48.0
explosionbrainchess,47.91666666666667,43.75,8.333333333333332,48.0
strided,48.0,52.0,0.0,50.0
zehnebartar_club,54.90196078431373,41.17647058823529,3.92156862745098,51.0
Emrey1lmaz,55.10204081632652,44.89795918367347,0.0,49.0
ALONGUS,63.26530612244898,32.6530612244898,4.081632653061225,49.0
fastblitzer_cgn,46.93877551020408,42.857142857142854,10.20408163265306,49.0
alessandrocarvalhaes,41.17647058823529,58.82352941176471,0.0,51.0
alshaib1962,54.166666666666664,45.83333333333333,0.0,48.0
kars78,46.0,44.0,10.0,50.0
Jf_The_Best,11.320754716981131,86.79245283018868,1.8867924528301887,53.0
IVRazor_MyJL,62.96296296296296,31.48148148148148,5.555555555555555,54.0
kirillun1027,33.33333333333333,50.0,16.666666666666664,18.0
IhmeSaataja,47.05882352941176,49.01960784313725,3.92156862745098,51.0
Ssundee2130,57.14285714285714,28.57142857142857,14.285714285714285,7.0
Lambo1966,40.0,52.0,8.0,50.0
ie1,36.0,56.00000000000001,8.0,50.0
ilpignatore07,47.05882352941176,49.01960784313725,3.92156862745098,51.0
waterson_237,37.5,62.5,0.0,16.0
Otxariturralde,44.89795918367347,55.10204081632652,0.0,49.0
Andless_Feefle,41.66666666666667,47.91666666666667,10.416666666666668,48.0
chesskose2842,44.89795918367347,51.02040816326531,4.081632653061225,49.0
Markkut,42.0,57.99999999999999,0.0,50.0
RatofNimh,48.0,46.0,6.0,50.0
Vova5960,35.41666666666667,58.333333333333336,6.25,48.0
Carta_Vetrata,48.97959183673469,42.857142857142854,8.16326530612245,49.0
Kiskar,62.5,33.33333333333333,4.166666666666666,48.0
shashankmis123,33.33333333333333,66.66666666666666,0.0,18.0
bad-brains,41.66666666666667,50.0,8.333333333333332,48.0
anayagarwal2008,43.39622641509434,52.83018867924528,3.7735849056603774,53.0
ngibator2022,43.13725490196079,56.86274509803921,0.0,51.0
datajunkie,52.94117647058824,43.13725490196079,3.92156862745098,51.0
Lishadark,51.02040816326531,44.89795918367347,4.081632653061225,49.0
Khwan7,26.47058823529412,73.52941176470588,0.0,34.0
Ms-MaNHaTTaN,44.0,56.00000000000001,0.0,50.0
Z2cd3,60.416666666666664,39.58333333333333,0.0,48.0
OhanyanEminChess,50.98039215686274,39.21568627450981,9.803921568627452,51.0
XXiloop32,44.89795918367347,48.97959183673469,6.122448979591836,49.0
in24,44.89795918367347,53.06122448979592,2.0408163265306123,49.0
Nocturnas,39.21568627450981,54.90196078431373,5.88235294117647,51.0
shaurya1702,57.89473684210527,33.33333333333333,8.771929824561402,57.0
Weak1Slow1,39.21568627450981,52.94117647058824,7.84313725490196,51.0
BatmanBinSuparman,59.61538461538461,38.46153846153847,1.9230769230769231,52.0
jrpenteado,39.58333333333333,54.166666666666664,6.25,48.0
BigCarl,40.74074074074074,59.25925925925925,0.0,54.0
bob_tables,64.91228070175438,31.57894736842105,3.508771929824561,57.0
millesabords,45.09803921568628,50.98039215686274,3.92156862745098,51.0
cybermanic,49.01960784313725,50.98039215686274,0.0,51.0
Utere,38.775510204081634,48.97959183673469,12.244897959183673,49.0
AMIR-77777777,55.10204081632652,38.775510204081634,6.122448979591836,49.0
iva182,76.92307692307693,21.153846153846153,1.9230769230769231,52.0
zeta2k,42.0,56.00000000000001,2.0,50.0
lucasmaximus2,100.0,0.0,0.0,1.0
Kaspa_nor,52.083333333333336,43.75,4.166666666666666,48.0
Zsakk19,56.00000000000001,44.0,0.0,50.0
slapduck,47.91666666666667,47.91666666666667,4.166666666666666,48.0
ChessPlayer15346,38.88888888888889,58.333333333333336,2.7777777777777777,36.0
Ahm_EDbnd,25.0,75.0,0.0,4.0
DrMHJ,44.0,50.0,6.0,50.0
Ebi2000,40.35087719298245,47.368421052631575,12.280701754385964,57.0
LinconLuz,36.17021276595745,61.702127659574465,2.127659574468085,47.0
EnvySmart,65.38461538461539,23.076923076923077,11.538461538461538,52.0
damuero,20.40816326530612,75.51020408163265,4.081632653061225,49.0
MMM005,29.411764705882355,62.74509803921568,7.84313725490196,51.0
JG_NAV,37.25490196078432,52.94117647058824,9.803921568627452,51.0
whataper,44.0,46.0,10.0,50.0
serg54,42.0,50.0,8.0,50.0
Grandpa70,45.09803921568628,52.94117647058824,1.96078431372549,51.0
FuegoAbrumador,49.01960784313725,39.21568627450981,11.76470588235294,51.0
DrFlagstein,,,,
AladarProGT,,,,
xeque60,55.55555555555556,38.88888888888889,5.555555555555555,54.0
SuneSon,33.33333333333333,50.0,16.666666666666664,18.0
Zeneval,55.10204081632652,42.857142857142854,2.0408163265306123,49.0
Yadu868,42.857142857142854,51.42857142857142,5.714285714285714,35.0
lazzza_xx,0.0,0.0,0.0,0.0
ValidAlekhine,54.0,40.0,6.0,50.0
z2win,59.61538461538461,40.38461538461539,0.0,52.0
Brenjos,50.98039215686274,41.17647058823529,7.84313725490196,51.0
harolmonsalve,40.81632653061224,53.06122448979592,6.122448979591836,49.0
gectiborunpazari,41.66666666666667,47.91666666666667,10.416666666666668,48.0
blindfold_chess_7,42.857142857142854,57.14285714285714,0.0,14.0
miaowha,31.37254901960784,56.86274509803921,11.76470588235294,51.0
hadeed,39.21568627450981,52.94117647058824,7.84313725490196,51.0
quicksilver2,45.09803921568628,47.05882352941176,7.84313725490196,51.0
venco_m,56.25,43.75,0.0,48.0
Marea_Unire_1918,52.94117647058824,45.09803921568628,1.96078431372549,51.0
vlh,57.99999999999999,34.0,8.0,50.0
Arielchezz77,46.0,46.0,8.0,50.0
plansugus,49.01960784313725,47.05882352941176,3.92156862745098,51.0
NeverOFzero,49.01960784313725,43.13725490196079,7.84313725490196,51.0
Nikk128,40.0,60.0,0.0,5.0
lynus_kho,43.13725490196079,56.86274509803921,0.0,51.0
Nebet,49.01960784313725,45.09803921568628,5.88235294117647,51.0
EtPeVe,0.0,100.0,0.0,4.0
Juanjojjl,38.0,56.00000000000001,6.0,50.0
BowleORice,51.02040816326531,42.857142857142854,6.122448979591836,49.0
Ford_Crown_Vic,20.0,73.33333333333333,6.666666666666667,15.0
bowbeforeme,39.21568627450981,49.01960784313725,11.76470588235294,51.0
ZeruHmyz,32.0,52.0,16.0,50.0
jonny0112,56.00000000000001,38.0,6.0,50.0
LolaIce,34.69387755102041,61.224489795918366,4.081632653061225,49.0
Zambran,47.05882352941176,49.01960784313725,3.92156862745098,51.0
vaishu3303,0.0,100.0,0.0,1.0
Aladdinsalman,54.166666666666664,41.66666666666667,4.166666666666666,48.0
A7nour73,53.84615384615385,42.30769230769231,3.8461538461538463,52.0
mo7karim,50.0,44.230769230769226,5.769230769230769,52.0
DerSchachArzt,33.33333333333333,56.86274509803921,9.803921568627452,51.0
Justin20140815,60.86956521739131,32.608695652173914,6.521739130434782,46.0
Gennadiy300iq,44.89795918367347,53.06122448979592,2.0408163265306123,49.0
saam2022,32.6530612244898,65.3061224489796,2.0408163265306123,49.0
RolliI,48.0,48.0,4.0,50.0
KING-BKD,37.03703703703704,53.70370370370371,9.25925925925926,54.0
GPLuiS,32.6530612244898,63.26530612244898,4.081632653061225,49.0
B0103232338,44.44444444444444,50.0,5.555555555555555,54.0
himselfCaTaHa,52.94117647058824,45.09803921568628,1.96078431372549,51.0
PESKI,56.25,37.5,6.25,48.0
Curiosito,59.57446808510638,36.17021276595745,4.25531914893617,47.0
HamedKolajei,39.21568627450981,58.82352941176471,1.96078431372549,51.0
Timur96,43.13725490196079,49.01960784313725,7.84313725490196,51.0
Swissknight17,61.29032258064516,35.483870967741936,3.225806451612903,31.0
Ticolv,57.14285714285714,36.734693877551024,6.122448979591836,49.0
dmitrijiiiGM,62.0,28.000000000000004,10.0,50.0
BbZ2018,26.53061224489796,71.42857142857143,2.0408163265306123,49.0
